{
    "8": {
        "recursive": 0.0,
        "increase_base": 1.5619999999999998,
        "decrease_base": 1.5619999999999998,
        "neighbour_exchange": 1.5619999999999998,
        "new_recursive": 0.0
    },
    "9": {
        "recursive": 3.1239999999999997,
        "increase_base": 17.183,
        "decrease_base": 15.620000000000001,
        "neighbour_exchange": 34.376,
        "new_recursive": 1.5619999999999998
    }
}
